323 169 468 251 0.95
337 165 484 243 0.98
337 166 484 243 0.99
337 165 484 243 0.99
337 166 484 243 0.99
336 166 484 243 0.98
354 178 501 256 0.76
352 169 498 251 0.90
351 169 498 251 0.88
351 169 498 250 0.89
360 167 500 250 0.66
556 152 672 294 0.35
377 141 625 275 0.99
383 152 612 269 0.86
384 152 595 263 0.95
389 157 593 263 0.85
399 159 577 277 0.50
304 172 499 276 0.99
297 165 502 276 1.00
297 165 505 275 1.00
273 155 497 285 0.93
267 172 425 262 0.89
335 168 529 273 0.95
339 167 501 274 0.38
309 166 428 266 0.85
310 166 428 266 0.84
310 166 428 266 0.84
309 166 428 266 0.84
309 166 428 266 0.85
309 166 428 266 0.84
